5389.3
4879.14
5212.82
5224.35
4750.77
5405.7
4398.37
5146.11
4859.98
5798.32
4204.9
5078.8
5303.22
5485.5
4638.6
5107.87
4874.63
5105.12
4610.17
4887.52
5016.61
5435.46
5295.7
4464.55
5778.45
5137.45
4997.75
5165.48
4737.56
5343.24
5053.98
5544.78
4920.21
5313.13
4535.06
4683.42
5018.97
4697.96
4628.29
5197.13
5275.41
4893.35
4975.66
4748.56
4403.26
5101.68
4775.64
5467.88
5054.46
5728.62
5013.51
4803.13
4963.07
5255.73
5111.73
5057.31
4688.11
5344.9
5461
4519.33
5176.97
4685.34
4944.23
5353.92
5340.9
4824.31
4915.17
5123.12
4624.1
5468.92
5185.13
5035.95
5138.94
5316.81
4961.12
5272.73
4861.82
5428.25
5092.57
5206.52
4967.7
4475.7
5679.27
4672.37
5279.81
4487.77
5354.03
4761.66
4898.48
4475.01
4708.07
4790.94
5496.12
4266.07
4990.12
5565.12
5538.33
4659.07
5468.59
4753.6
4732.74
4652.37
5172.88
4477.01
4753.63
5164.54
4877.3
5096.15
4757.16
5177.17
4768.28
5011.17
4764.71
4811.11
5291.87
5228.02
5026.53
5079.21
5240.68
5448.26
5013.77
4712.56
4944.36
5461.02
5153.39
5534.71
5125.72
4572.02
4608.16
4874.02
4280.95
5267.84
5780.7
4533.88
5104.16
4777.47
5067.47
5563.48
5071.34
5350
5473.84
5246.49
5024.4
5021.64
5733.13
4987.96
4877.88
5119.93
5261.34
4560.17
5215.62
4548.94
5403.83
4631.37
4747.3
4603.63
4774.45
5070.48
4582.5
5228.33
5003.84
5169.27
4387.34
5128.42
5118.36
4791.24
4735.88
5857.11
5232.85
4974.28
4847.05
5324.96
4408.7
5375.55
5218.18
4825.77
5711.34
4930.88
4937.51
4325.26
5201.98
4697.68
5040.64
4846.84
4740.86
5590.43
5494.88
5391.61
4817.99
4624.54
5476.62
5555.48
5417.74
4689.27
5227.34
4718.44
5185.86
5081.58
5278.27
4558.89
5023.91
4696.11
4874.4
5197.9
5097.73
4786.69
4710.99
4897.1
5530.21
5644.43
5341.27
4567.21
5334.83
4743.06
4801.97
4639.36
5344.25
4822.8
4538.89
4906.09
5358.94
5269.77
4741.09
5126.96
4803.52
5463.9
5139.64
4885.62
5497.67
5081.42
4901.37
5197.02
4976.62
5959.75
4734.69
4822.14
5393.19
4991.8
4956.84
5414.43
4987.42
4346.33
4665.49
5192.78
5148.65
4764.2
5876.44
4935.58
5266.63
5176.83
4786.88
4815.86
4998.56
4631.09
4670.69
4872.96
4930.25
5171.94
5267.74
5080.03
5140.49
5132.69
4982.48
4263.31
4619.39
5572.07
5229.88
4490.99
4724.25
5103.51
4686.07
4512.71
4906.51
4773.3
4958.91
5245.68
5196.19
4449.41
5254.21
5419.21
4984.24
4570.49
5308.66
5101.27
5031
4488.7
5557.27
4285.5
5403.84
4870.73
4598.87
4727.03
5473.05
5285.97
5244.93
5237.24
4878.84
4773.71
5237.71
5143.72
4783.17
4975.52
4485.93
4953.58
4714.15
4916.41
4547.16
5358.92
5089.01
4893.94
4921.63
5520.54
5641.13
4808.27
4662.63
5079.4
5873.5
5332.13
5414.9
4397.22
4882.73
5232.91
4968.2
4551.56
5831.81
5195.18
5592.31
5479.1
4821.33
5221.25
4964.08
4460.15
5296.92
4809.94
4886.07
5301.79
4815.64
5372.75
5031.93
4906.96
4746.62
5290.7
5141.43
5377.38
4752.36
4639.87
4565.19
5161.9
4747.19
5113.11
5320.02
5248.82
4548.93
4851.25
4361.88
4771.56
4527.88
4799.48
5040.09
4578.56
5012.07
4894.24
4478.89
4487.38
4690.06
5378.14
4551.37
5280.28
5035.46
5284.38
5205.35
5342.04
5394.74
4624.81
5040.6
5423.66
5445.27
5536.41
5162.28
4129.71
4697.14
5480.87
5359.69
5211.85
4852.08
5062.95
4584.89
5158.08
5615.03
5208.28
4691.62
4622.47
5139.16
5320.26
4634.94
4818.35
5122.59
5277.65
5378.73
4538.6
5044.46
4963.77
4570.09
5004.34
5334.38
5178.55
4720.11
5546.8
5377.63
5048.52
5036.85
5066.7
5030.42
5256.26
4888.99
6043.38
5435.18
5130.91
5161.96
4934.8
5348.51
5083.01
5239.59
5450.98
5221.22
5236.87
4480.61
5228.54
4960.9
4557.66
5110.14
5136.08
5289.45
5127.58
4516.55
5618.59
5397.48
5597.25
5044.87
4590.72
5027.16
4839.48
5664.2
5060.01
5445.91
5020.18
4646.69
4990.71
5005.12
4776.75
5416.11
4847.32
5734.07
4744.69
4620.97
4907.46
4483.8
4809.75
5106.66
5452.76
5750.42
4516.64
4997.02
5065.12
5596.32
5412.1
4759.99
4757.56
5071.53
5232.59
5591.15
4907.71
4929.56
5401.97
5117.03
5078.3
4290.88
5156.55
4471.55
4957.76
5223.96
4983.16
4534.82
4938.28
5257.18
5244.53
5144.65
4913.37
4411.66
4658.44
5702
5628.83
5164.55
4583.83
4877.65
4223.38
5083.58
5226.22
4543.24
5168.21
4823
4578.65
5608.8
5385.14
5586.38
5319.97
4764.01
5032.56
5133.79
4458.73
5181.82
5485.22
4556.09
4929.37
4978.9
5507.24
5033.76
5113.09
4719.92
4831.7
5303.23
4893.71
5148.07
5091.8
4934.32
4383.7
5337.67
5113.76
5068.71
5133.4
4703.4
4795.61
4823.6
4842.58
5153.29
4606.5
4841.41
4884.26
4810.7
5737.05
5061.79
4767.68
4129.5
4970.76
4812.17
4387.42
4936.35
5102.56
5099.09
4536.78
4828.45
4974.87
5252.36
5203.71
4811.47
5009.56
4617.68
5206.84
5423.7
4634.42
5280.8
5105.81
4949.45
4856.56
5213.54
5242.86
5406.01
5371.7
5216.08
4900
5360.77
4711.26
5178.67
4820.42
5042.59
4791.24
4862.26
4804.12
5044.51
4779.26
4925.31
4413.51
5109.46
4583.41
5889.07
4751.46
5284.63
5882.68
5259.37
4689.34
4523.38
5269.98
5009.67
4877.61
5196.34
4930.64
4493.28
5038.96
4707.68
4430.71
5478.55
5386.06
4856.24
4413.97
5433.24
4643.69
4735.84
5239.85
4606.23
5298.84
5375.04
5107.23
4569.54
5404.99
5032.26
5418.43
4699.64
4706.88
4722.08
5009.37
5308.2
5088.08
5044.51
5460.86
4514.37
4564.12
4930.47
4998.21
4639.98
5362.02
5467.13
5010.81
4977.99
4714.58
4515.8
4974.38
4905.69
4942.1
5532.43
5280.23
5043.33
4960.63
4947.06
5566.25
5184.29
5554.33
5054.92
5095.22
4946.46
5038.16
4720.68
4676.54
5331.93
4700.28
5076.16
4882.24
4628.83
5450.82
4474.11
4206.65
5401.8
4540.84
5094.52
4651.95
4751.58
4927.62
4691.79
5135.73
5136.9
4519.91
5715.05
5122.7
4946.73
5125.81
5111.68
4842.64
4803.24
5006.36
4838.06
4536.14
4940.73
4574.58
4371.61
4782.92
4627.71
4962.1
5364.63
5235.51
5038.53
4540.53
4413.49
5503.71
5337.5
5488.51
5343.85
4185.28
5436.03
5105.05
5435.71
4810.5
4917.41
4718.54
5426.95
4843.78
5009.05
5015.88
5098.55
5093.52
5488.01
5307.7
5105.61
5815.72
5028.97
5950.91
5504.81
5196.66
4771.93
5208.05
5246.2
5168.27
4641.04
5189.38
4889.49
4766.92
4945.98
4386.51
4683.15
4776.02
5053.82
5152.6
4464.14
5013.32
4733.94
4847.3
5293.1
5694.33
5166.23
4881.07
5513.5
5381.77
5153.45
5144.42
5470.36
5611.74
5253.33
5263.58
4928.08
4858.88
4617.35
4832.87
4658.56
4272.92
5097.3
4736.62
4865.72
5284.64
5081.7
4699.44
5263.52
5215.2
4556.85
4416.84
4755.42
4473.17
5054.71
4762.96
5312.69
4947.2
5266.74
5122.34
4132.64
4374.83
4743.47
4659.41
4466.5
5161.19
4866.07
4748.14
5580.57
4953.81
4977.62
4513
4796.21
4689.22
4786.94
5311.27
5374.87
5467.13
5152.16
5707.43
4953.38
5448.28
5208.43
5112.58
4862.31
4554.49
5090.59
4907.45
5412.27
4581.79
4261.53
5157.13
4774.14
5741.43
5622.52
4885.49
5005.29
4936.44
4785.78
4714.41
5641.44
4814.56
4574.21
5247.24
4586.07
4777.92
5184.57
4053.59
4948.95
4853.35
5062.77
4363.13
4616.53
4831.26
4931.53
5397.03
5234.5
5366.53
4887.99
4645.68
4940.93
4681
5030.91
5143.99
4840.52
5141.65
4436.93
4685.58
4159.49
5613.5
4820.78
4968.52
4784.9
4809.43
5451.38
5199.09
4725.3
4975.19
4185.81
4641.63
5121.09
5399.01
5102.57
4517.71
5364.96
5207.69
4823.22
4177.97
4931.71
5207.56
5001.2
4932.36
4693.46
4790.74
5259.32
4515.76
5459.09
4690.6
5236.12
4863.64
5202.21
5671.99
5155.43
5042.13
5684.27
4666.68
4928.32
5223.79
4836.75
4904.11
5320.58
4777.48
4716.98
5207.06
5116.46
5228.99
4619.09
5164
5134.04
5282.31
4395.23
5128.78
4888.38
5106.38
4909.65
4873.76
4948.68
5391.27
5778.08
4341.46
4958
5169.04
4838.32
4845.05
4546.36
4749.1
5246.57
5075.54
4460.21
5469.14
5117.93
4178.11
5006.44
5680.89
5326.03
5528.58
5017.19
5337.84
4602.68
5269.38
5614.69
4902.28
5176.45
4802.06
4566.41
4588.33
5168.58
4611.26
4627.37
4915.22
4550.07
4820.61
5116.53
4844.67
5583.24
5072.69
5053.81
4426.65
4470.57
5080.26
4486.98
4839.39
5595.93
4942.39
4687.78
4971.99
5280.62
4532.14
4685.33
4755.12
4226.62
4374.25
4411.92
5257.78
5373.03
5014.73
5057.82
5018.84
5441.07
4837.08
5061.96
4291.75
5266.58
5468.52
5389.74
5036.08
5064.58
4693.26
5117.17
4954.2
5032.07
4808.52
5519.34
5032.05
5267.34
4954.17
5125.74
4840.17
5267.58
4651.43
5465.59
4960.67
5040.01
5512.13
5168.72
4381.64
4786.17
4740.02
5511.54
5260.85
4628.59
5229.59
5330.07
5337.98
4523.93
5357.39
5128.04
5161.77
4462.55
4641.11
5389.3
4879.14
5212.82
5224.35
4750.77
5405.7
4398.37
5146.11
4859.98
5798.32
4204.9
5078.8
5303.22
5485.5
4638.6
5107.87
4874.63
5105.12
4610.17
4887.52
5016.61
5435.46
5295.7
4464.55
5778.45
5137.45
4997.75
5165.48
4737.56
5343.24
5053.98
5544.78
4920.21
5313.13
4535.06
4683.42
5018.97
4697.96
4628.29
5197.13
5275.41
4893.35
4975.66
4748.56
4403.26
5101.68
4775.64
5467.88
5054.46
5728.62
5013.51
4803.13
4963.07
5255.73
5111.73
5057.31
4688.11
5344.9
5461
4519.33
5176.97
4685.34
4944.23
5353.92
5340.9
4824.31
4915.17
5123.12
4624.1
5468.92
5185.13
5035.95
5138.94
5316.81
4961.12
5272.73
4861.82
5428.25
5092.57
5206.52
4967.7
4475.7
5679.27
4672.37
5279.81
4487.77
5354.03
4761.66
4898.48
4475.01
4708.07
4790.94
5496.12
4266.07
4990.12
5565.12
5538.33
4659.07
5468.59
4753.6
4732.74
4652.37
5172.88
4477.01
4753.63
5164.54
4877.3
5096.15
4757.16
5177.17
4768.28
5011.17
4764.71
4811.11
5291.87
5228.02
5026.53
5079.21
5240.68
5448.26
5013.77
4712.56
4944.36
5461.02
5153.39
5534.71
5125.72
4572.02
4608.16
4874.02
4280.95
5267.84
5780.7
4533.88
5104.16
4777.47
5067.47
5563.48
5071.34
5350
5473.84
5246.49
5024.4
5021.64
5733.13
4987.96
4877.88
5119.93
5261.34
4560.17
5215.62
4548.94
5403.83
4631.37
4747.3
4603.63
4774.45
5070.48
4582.5
5228.33
5003.84
5169.27
4387.34
5128.42
5118.36
4791.24
4735.88
5857.11
5232.85
4974.28
4847.05
5324.96
4408.7
5375.55
5218.18
4825.77
5711.34
4930.88
4937.51
4325.26
5201.98
4697.68
5040.64
4846.84
4740.86
5590.43
5494.88
5391.61
4817.99
4624.54
5476.62
5555.48
5417.74
4689.27
5227.34
4718.44
5185.86
5081.58
5278.27
4558.89
5023.91
4696.11
4874.4
5197.9
5097.73
4786.69
4710.99
4897.1
5530.21
5644.43
5341.27
4567.21
5334.83
4743.06
4801.97
4639.36
5344.25
4822.8
4538.89
4906.09
5358.94
5269.77
4741.09
5126.96
4803.52
5463.9
5139.64
4885.62
5497.67
5081.42
4901.37
5197.02
4976.62
5959.75
4734.69
4822.14
5393.19
4991.8
4956.84
5414.43
4987.42
4346.33
4665.49
5192.78
5148.65
4764.2
5876.44
4935.58
5266.63
5176.83
4786.88
4815.86
4998.56
4631.09
4670.69
4872.96
4930.25
5171.94
5267.74
5080.03
5140.49
5132.69
4982.48
4263.31
4619.39
5572.07
5229.88
4490.99
4724.25
5103.51
4686.07
4512.71
4906.51
4773.3
4958.91
5245.68
5196.19
4449.41
5254.21
5419.21
4984.24
4570.49
5308.66
5101.27
5031
4488.7
5557.27
4285.5
5403.84
4870.73
4598.87
4727.03
5473.05
5285.97
5244.93
5237.24
4878.84
4773.71
5237.71
5143.72
4783.17
4975.52
4485.93
4953.58
4714.15
4916.41
4547.16
5358.92
5089.01
4893.94
4921.63
5520.54
5641.13
4808.27
4662.63
5079.4
5873.5
5332.13
5414.9
4397.22
4882.73
5232.91
4968.2
4551.56
5831.81
5195.18
5592.31
5479.1
4821.33
5221.25
4964.08
4460.15
5296.92
4809.94
4886.07
5301.79
4815.64
5372.75
5031.93
4906.96
4746.62
5290.7
5141.43
5377.38
4752.36
4639.87
4565.19
5161.9
4747.19
5113.11
5320.02
5248.82
4548.93
4851.25
4361.88
4771.56
4527.88
4799.48
5040.09
4578.56
5012.07
4894.24
4478.89
4487.38
4690.06
5378.14
4551.37
5280.28
5035.46
5284.38
5205.35
5342.04
5394.74
4624.81
5040.6
5423.66
5445.27
5536.41
5162.28
4129.71
4697.14
5480.87
5359.69
5211.85
4852.08
5062.95
4584.89
5158.08
5615.03
5208.28
4691.62
4622.47
5139.16
5320.26
4634.94
4818.35
5122.59
5277.65
5378.73
4538.6
5044.46
4963.77
4570.09
5004.34
5334.38
5178.55
4720.11
5546.8
5377.63
5048.52
5036.85
5066.7
5030.42
5256.26
4888.99
6043.38
5435.18
5130.91
5161.96
4934.8
5348.51
5083.01
5239.59
5450.98
5221.22
5236.87
4480.61
5228.54
4960.9
4557.66
5110.14
5136.08
5289.45
5127.58
4516.55
5618.59
5397.48
5597.25
5044.87
4590.72
5027.16
4839.48
5664.2
5060.01
5445.91
5020.18
4646.69
4990.71
5005.12
4776.75
5416.11
4847.32
5734.07
4744.69
4620.97
4907.46
4483.8
4809.75
5106.66
5452.76
5750.42
4516.64
4997.02
5065.12
5596.32
5412.1
4759.99
4757.56
5071.53
5232.59
5591.15
4907.71
4929.56
5401.97
5117.03
5078.3
4290.88
5156.55
4471.55
4957.76
5223.96
4983.16
4534.82
4938.28
5257.18
5244.53
5144.65
4913.37
4411.66
4658.44
5702
5628.83
5164.55
4583.83
4877.65
4223.38
5083.58
5226.22
4543.24
5168.21
4823
4578.65
5608.8
5385.14
5586.38
5319.97
4764.01
5032.56
5133.79
4458.73
5181.82
5485.22
4556.09
4929.37
4978.9
5507.24
5033.76
5113.09
4719.92
4831.7
5303.23
4893.71
5148.07
5091.8
4934.32
4383.7
5337.67
5113.76
5068.71
5133.4
4703.4
4795.61
4823.6
4842.58
5153.29
4606.5
4841.41
4884.26
4810.7
5737.05
5061.79
4767.68
4129.5
4970.76
4812.17
4387.42
4936.35
5102.56
5099.09
4536.78
4828.45
4974.87
5252.36
5203.71
4811.47
5009.56
4617.68
5206.84
5423.7
4634.42
5280.8
5105.81
4949.45
4856.56
5213.54
5242.86
5406.01
5371.7
5216.08
4900
5360.77
4711.26
5178.67
4820.42
5042.59
4791.24
4862.26
4804.12
5044.51
4779.26
4925.31
4413.51
5109.46
4583.41
5889.07
4751.46
5284.63
5882.68
5259.37
4689.34
4523.38
5269.98
5009.67
4877.61
5196.34
4930.64
4493.28
5038.96
4707.68
4430.71
5478.55
5386.06
4856.24
4413.97
5433.24
4643.69
4735.84
5239.85
4606.23
5298.84
5375.04
5107.23
4569.54
5404.99
5032.26
5418.43
4699.64
4706.88
4722.08
5009.37
5308.2
5088.08
5044.51
5460.86
4514.37
4564.12
4930.47
4998.21
4639.98
5362.02
5467.13
5010.81
4977.99
4714.58
4515.8
4974.38
4905.69
4942.1
5532.43
5280.23
5043.33
4960.63
4947.06
5566.25
5184.29
5554.33
5054.92
5095.22
4946.46
5038.16
4720.68
4676.54
5331.93
4700.28
5076.16
4882.24
4628.83
5450.82
4474.11
4206.65
5401.8
4540.84
5094.52
4651.95
4751.58
4927.62
4691.79
5135.73
5136.9
4519.91
5715.05
5122.7
4946.73
5125.81
5111.68
4842.64
4803.24
5006.36
4838.06
4536.14
4940.73
4574.58
4371.61
4782.92
4627.71
4962.1
5364.63
5235.51
5038.53
4540.53
4413.49
5503.71
5337.5
5488.51
5343.85
4185.28
5436.03
5105.05
5435.71
4810.5
4917.41
4718.54
5426.95
4843.78
5009.05
5015.88
5098.55
5093.52
5488.01
5307.7
5105.61
5815.72
5028.97
5950.91
5504.81
5196.66
4771.93
5208.05
5246.2
5168.27
4641.04
5189.38
4889.49
4766.92
4945.98
4386.51
4683.15
4776.02
5053.82
5152.6
4464.14
5013.32
4733.94
4847.3
5293.1
5694.33
5166.23
4881.07
5513.5
5381.77
5153.45
5144.42
5470.36
5611.74
5253.33
5263.58
4928.08
4858.88
4617.35
4832.87
4658.56
4272.92
5097.3
4736.62
4865.72
5284.64
5081.7
4699.44
5263.52
5215.2
4556.85
4416.84
4755.42
4473.17
5054.71
4762.96
5312.69
4947.2
5266.74
5122.34
4132.64
4374.83
4743.47
4659.41
4466.5
5161.19
4866.07
4748.14
5580.57
4953.81
4977.62
4513
4796.21
4689.22
4786.94
5311.27
5374.87
5467.13
5152.16
5707.43
4953.38
5448.28
5208.43
5112.58
4862.31
4554.49
5090.59
4907.45
5412.27
4581.79
4261.53
5157.13
4774.14
5741.43
5622.52
4885.49
5005.29
4936.44
4785.78
4714.41
5641.44
4814.56
4574.21
5247.24
4586.07
4777.92
5184.57
4053.59
4948.95
4853.35
5062.77
4363.13
4616.53
4831.26
4931.53
5397.03
5234.5
5366.53
4887.99
4645.68
4940.93
4681
5030.91
5143.99
4840.52
5141.65
4436.93
4685.58
4159.49
5613.5
4820.78
4968.52
4784.9
4809.43
5451.38
5199.09
4725.3
4975.19
4185.81
4641.63
5121.09
5399.01
5102.57
4517.71
5364.96
5207.69
4823.22
4177.97
4931.71
5207.56
5001.2
4932.36
4693.46
4790.74
5259.32
4515.76
5459.09
4690.6
5236.12
4863.64
5202.21
5671.99
5155.43
5042.13
5684.27
4666.68
4928.32
5223.79
4836.75
4904.11
5320.58
4777.48
4716.98
5207.06
5116.46
5228.99
4619.09
5164
5134.04
5282.31
4395.23
5128.78
4888.38
5106.38
4909.65
4873.76
4948.68
5391.27
5778.08
4341.46
4958
5169.04
4838.32
4845.05
4546.36
4749.1
5246.57
5075.54
4460.21
5469.14
5117.93
4178.11
5006.44
5680.89
5326.03
5528.58
5017.19
5337.84
4602.68
5269.38
5614.69
4902.28
5176.45
4802.06
4566.41
4588.33
5168.58
4611.26
4627.37
4915.22
4550.07
4820.61
5116.53
4844.67
5583.24
5072.69
5053.81
4426.65
4470.57
5080.26
4486.98
4839.39
5595.93
4942.39
4687.78
4971.99
5280.62
4532.14
4685.33
4755.12
4226.62
4374.25
4411.92
5257.78
5373.03
5014.73
5057.82
5018.84
5441.07
4837.08
5061.96
4291.75
5266.58
5468.52
5389.74
5036.08
5064.58
4693.26
5117.17
4954.2
5032.07
4808.52
5519.34
5032.05
5267.34
4954.17
5125.74
4840.17
5267.58
4651.43
5465.59
4960.67
5040.01
5512.13
5168.72
4381.64
4786.17
4740.02
5511.54
5260.85
4628.59
5229.59
5330.07
5337.98
4523.93
5357.39
5128.04
5161.77
4462.55
4641.11
5389.3
4879.14
5212.82
5224.35
4750.77
5405.7
4398.37
5146.11
4859.98
5798.32
4204.9
5078.8
5303.22
5485.5
4638.6
5107.87
4874.63
5105.12
4610.17
4887.52
5016.61
5435.46
5295.7
4464.55
5778.45
5137.45
4997.75
5165.48
4737.56
5343.24
5053.98
5544.78
4920.21
5313.13
4535.06
4683.42
5018.97
4697.96
4628.29
5197.13
5275.41
4893.35
4975.66
4748.56
4403.26
5101.68
4775.64
5467.88
5054.46
5728.62
5013.51
4803.13
4963.07
5255.73
5111.73
5057.31
4688.11
5344.9
5461
4519.33
5176.97
4685.34
4944.23
5353.92
5340.9
4824.31
4915.17
5123.12
4624.1
5468.92
5185.13
5035.95
5138.94
5316.81
4961.12
5272.73
4861.82
5428.25
5092.57
5206.52
4967.7
4475.7
5679.27
4672.37
5279.81
4487.77
5354.03
4761.66
4898.48
4475.01
4708.07
4790.94
5496.12
4266.07
4990.12
5565.12
5538.33
4659.07
5468.59
4753.6
4732.74
4652.37
5172.88
4477.01
4753.63
5164.54
4877.3
5096.15
4757.16
5177.17
4768.28
5011.17
4764.71
4811.11
5291.87
5228.02
5026.53
5079.21
5240.68
5448.26
5013.77
4712.56
4944.36
5461.02
5153.39
5534.71
5125.72
4572.02
4608.16
4874.02
4280.95
5267.84
5780.7
4533.88
5104.16
4777.47
5067.47
5563.48
5071.34
5350
5473.84
5246.49
5024.4
5021.64
5733.13
4987.96
4877.88
5119.93
5261.34
4560.17
5215.62
4548.94
5403.83
4631.37
4747.3
4603.63
4774.45
5070.48
4582.5
5228.33
5003.84
5169.27
4387.34
5128.42
5118.36
4791.24
4735.88
5857.11
5232.85
4974.28
4847.05
5324.96
4408.7
5375.55
5218.18
4825.77
5711.34
4930.88
4937.51
4325.26
5201.98
4697.68
5040.64
4846.84
4740.86
5590.43
5494.88
5391.61
4817.99
4624.54
5476.62
5555.48
5417.74
4689.27
5227.34
4718.44
5185.86
5081.58
5278.27
4558.89
5023.91
4696.11
4874.4
5197.9
5097.73
4786.69
4710.99
4897.1
5530.21
5644.43
5341.27
4567.21
5334.83
4743.06
4801.97
4639.36
5344.25
4822.8
4538.89
4906.09
5358.94
5269.77
4741.09
5126.96
4803.52
5463.9
5139.64
4885.62
5497.67
5081.42
4901.37
5197.02
4976.62
5959.75
4734.69
4822.14
5393.19
4991.8
4956.84
5414.43
4987.42
4346.33
4665.49
5192.78
5148.65
4764.2
5876.44
4935.58
5266.63
5176.83
4786.88
4815.86
4998.56
4631.09
4670.69
4872.96
4930.25
5171.94
5267.74
5080.03
5140.49
5132.69
4982.48
4263.31
4619.39
5572.07
5229.88
4490.99
4724.25
5103.51
4686.07
4512.71
4906.51
4773.3
4958.91
5245.68
5196.19
4449.41
5254.21
5419.21
4984.24
4570.49
5308.66
5101.27
5031
4488.7
5557.27
4285.5
5403.84
4870.73
4598.87
4727.03
5473.05
5285.97
5244.93
5237.24
4878.84
4773.71
5237.71
5143.72
4783.17
4975.52
4485.93
4953.58
4714.15
4916.41
4547.16
5358.92
5089.01
4893.94
4921.63
5520.54
5641.13
4808.27
4662.63
5079.4
5873.5
5332.13
5414.9
4397.22
4882.73
5232.91
4968.2
4551.56
5831.81
5195.18
5592.31
5479.1
4821.33
5221.25
4964.08
4460.15
5296.92
4809.94
4886.07
5301.79
4815.64
5372.75
5031.93
4906.96
4746.62
5290.7
5141.43
5377.38
4752.36
4639.87
4565.19
5161.9
4747.19
5113.11
5320.02
5248.82
4548.93
4851.25
4361.88
4771.56
4527.88
4799.48
5040.09
4578.56
5012.07
4894.24
4478.89
4487.38
4690.06
5378.14
4551.37
5280.28
5035.46
5284.38
5205.35
5342.04
5394.74
4624.81
5040.6
5423.66
5445.27
5536.41
5162.28
4129.71
4697.14
5480.87
5359.69
5211.85
4852.08
5062.95
4584.89
5158.08
5615.03
5208.28
4691.62
4622.47
5139.16
5320.26
4634.94
4818.35
5122.59
5277.65
5378.73
4538.6
5044.46
4963.77
4570.09
5004.34
5334.38
5178.55
4720.11
5546.8
5377.63
5048.52
5036.85
5066.7
5030.42
5256.26
4888.99
6043.38
5435.18
5130.91
5161.96
4934.8
5348.51
5083.01
5239.59
5450.98
5221.22
5236.87
4480.61
5228.54
4960.9
4557.66
5110.14
5136.08
5289.45
5127.58
4516.55
5618.59
5397.48
5597.25
5044.87
4590.72
5027.16
4839.48
5664.2
5060.01
5445.91
5020.18
4646.69
4990.71
5005.12
4776.75
5416.11
4847.32
5734.07
4744.69
4620.97
4907.46
4483.8
4809.75
5106.66
5452.76
5750.42
4516.64
4997.02
5065.12
5596.32
5412.1
4759.99
4757.56
5071.53
5232.59
5591.15
4907.71
4929.56
5401.97
5117.03
5078.3
4290.88
5156.55
4471.55
4957.76
5223.96
4983.16
4534.82
4938.28
5257.18
5244.53
5144.65
4913.37
4411.66
4658.44
5702
5628.83
5164.55
4583.83
4877.65
4223.38
5083.58
5226.22
4543.24
5168.21
4823
4578.65
5608.8
5385.14
5586.38
5319.97
4764.01
5032.56
5133.79
4458.73
5181.82
5485.22
4556.09
4929.37
4978.9
5507.24
5033.76
5113.09
4719.92
4831.7
5303.23
4893.71
5148.07
5091.8
4934.32
4383.7
5337.67
5113.76
5068.71
5133.4
4703.4
4795.61
4823.6
4842.58
5153.29
4606.5
4841.41
4884.26
4810.7
5737.05
5061.79
4767.68
4129.5
4970.76
4812.17
4387.42
4936.35
5102.56
5099.09
4536.78
4828.45
4974.87
5252.36
5203.71
4811.47
5009.56
4617.68
5206.84
5423.7
4634.42
5280.8
5105.81
4949.45
4856.56
5213.54
5242.86
5406.01
5371.7
5216.08
4900
5360.77
4711.26
5178.67
4820.42
5042.59
4791.24
4862.26
4804.12
5044.51
4779.26
4925.31
4413.51
5109.46
4583.41
5889.07
4751.46
5284.63
5882.68
5259.37
4689.34
4523.38
5269.98
5009.67
4877.61
5196.34
4930.64
4493.28
5038.96
4707.68
4430.71
5478.55
5386.06
4856.24
4413.97
5433.24
4643.69
4735.84
5239.85
4606.23
5298.84
5375.04
5107.23
4569.54
5404.99
5032.26
5418.43
4699.64
4706.88
4722.08
5009.37
5308.2
5088.08
5044.51
5460.86
4514.37
4564.12
4930.47
4998.21
4639.98
5362.02
5467.13
5010.81
4977.99
4714.58
4515.8
4974.38
4905.69
4942.1
5532.43
5280.23
5043.33
4960.63
4947.06
5566.25
5184.29
5554.33
5054.92
5095.22
4946.46
5038.16
4720.68
4676.54
5331.93
4700.28
5076.16
4882.24
4628.83
5450.82
4474.11
4206.65
5401.8
4540.84
5094.52
4651.95
4751.58
4927.62
4691.79
5135.73
5136.9
4519.91
5715.05
5122.7
4946.73
5125.81
5111.68
4842.64
4803.24
5006.36
4838.06
4536.14
4940.73
4574.58
4371.61
4782.92
4627.71
4962.1
5364.63
5235.51
5038.53
4540.53
4413.49
5503.71
5337.5
5488.51
5343.85
4185.28
5436.03
5105.05
5435.71
4810.5
4917.41
4718.54
5426.95
4843.78
5009.05
5015.88
5098.55
5093.52
5488.01
5307.7
5105.61
5815.72
5028.97
5950.91
5504.81
5196.66
4771.93
5208.05
5246.2
5168.27
4641.04
5189.38
4889.49
4766.92
4945.98
4386.51
4683.15
4776.02
5053.82
5152.6
4464.14
5013.32
4733.94
4847.3
5293.1
5694.33
5166.23
4881.07
5513.5
5381.77
5153.45
5144.42
5470.36
5611.74
5253.33
5263.58
4928.08
4858.88
4617.35
4832.87
4658.56
4272.92
5097.3
4736.62
4865.72
5284.64
5081.7
4699.44
5263.52
5215.2
4556.85
4416.84
4755.42
4473.17
5054.71
4762.96
5312.69
4947.2
5266.74
5122.34
4132.64
4374.83
4743.47
4659.41
4466.5
5161.19
4866.07
4748.14
5580.57
4953.81
4977.62
4513
4796.21
4689.22
4786.94
5311.27
5374.87
5467.13
5152.16
5707.43
4953.38
5448.28
5208.43
5112.58
4862.31
4554.49
5090.59
4907.45
5412.27
4581.79
4261.53
5157.13
4774.14
5741.43
5622.52
4885.49
5005.29
4936.44
4785.78
4714.41
5641.44
4814.56
4574.21
5247.24
4586.07
4777.92
5184.57
4053.59
4948.95
4853.35
5062.77
4363.13
4616.53
4831.26
4931.53
5397.03
5234.5
5366.53
4887.99
4645.68
4940.93
4681
5030.91
5143.99
4840.52
5141.65
4436.93
4685.58
4159.49
5613.5
4820.78
4968.52
4784.9
4809.43
5451.38
5199.09
4725.3
4975.19
4185.81
4641.63
5121.09
5399.01
5102.57
4517.71
5364.96
5207.69
4823.22
4177.97
4931.71
5207.56
5001.2
4932.36
4693.46
4790.74
5259.32
4515.76
5459.09
4690.6
5236.12
4863.64
5202.21
5671.99
5155.43
5042.13
5684.27
4666.68
4928.32
5223.79
4836.75
4904.11
5320.58
4777.48
4716.98
5207.06
5116.46
5228.99
4619.09
5164
5134.04
5282.31
4395.23
5128.78
4888.38
5106.38
4909.65
4873.76
4948.68
5391.27
5778.08
4341.46
4958
5169.04
4838.32
4845.05
4546.36
4749.1
5246.57
5075.54
4460.21
5469.14
5117.93
4178.11
5006.44
5680.89
5326.03
5528.58
5017.19
5337.84
4602.68
5269.38
5614.69
4902.28
5176.45
4802.06
4566.41
4588.33
5168.58
4611.26
4627.37
4915.22
4550.07
4820.61
5116.53
4844.67
5583.24
5072.69
5053.81
4426.65
4470.57
5080.26
4486.98
4839.39
5595.93
4942.39
4687.78
4971.99
5280.62
4532.14
4685.33
4755.12
4226.62
4374.25
4411.92
5257.78
5373.03
5014.73
5057.82
5018.84
5441.07
4837.08
5061.96
4291.75
5266.58
5468.52
5389.74
5036.08
5064.58
4693.26
5117.17
4954.2
5032.07
4808.52
5519.34
5032.05
5267.34
4954.17
5125.74
4840.17
5267.58
4651.43
5465.59
4960.67
5040.01
5512.13
5168.72
4381.64
4786.17
4740.02
5511.54
5260.85
4628.59
5229.59
5330.07
5337.98
4523.93
5357.39
5128.04
5161.77
4462.55
4641.11
5389.3
4879.14
5212.82
5224.35
4750.77
5405.7
4398.37
5146.11
4859.98
5798.32
4204.9
5078.8
5303.22
5485.5
4638.6
5107.87
4874.63
5105.12
4610.17
4887.52
5016.61
5435.46
5295.7
4464.55
5778.45
5137.45
4997.75
5165.48
4737.56
5343.24
5053.98
5544.78
4920.21
5313.13
4535.06
4683.42
5018.97
4697.96
4628.29
5197.13
5275.41
4893.35
4975.66
4748.56
4403.26
5101.68
4775.64
5467.88
5054.46
5728.62
5013.51
4803.13
4963.07
5255.73
5111.73
5057.31
4688.11
5344.9
5461
4519.33
5176.97
4685.34
4944.23
5353.92
5340.9
4824.31
4915.17
5123.12
4624.1
5468.92
5185.13
5035.95
5138.94
5316.81
4961.12
5272.73
4861.82
5428.25
5092.57
5206.52
4967.7
4475.7
5679.27
4672.37
5279.81
4487.77
5354.03
4761.66
4898.48
4475.01
4708.07
4790.94
5496.12
4266.07
4990.12
5565.12
5538.33
4659.07
5468.59
4753.6
4732.74
4652.37
5172.88
4477.01
4753.63
5164.54
4877.3
5096.15
4757.16
5177.17
4768.28
5011.17
4764.71
4811.11
5291.87
5228.02
5026.53
5079.21
5240.68
5448.26
5013.77
4712.56
4944.36
5461.02
5153.39
5534.71
5125.72
4572.02
4608.16
4874.02
4280.95
5267.84
5780.7
4533.88
5104.16
4777.47
5067.47
5563.48
5071.34
5350
5473.84
5246.49
5024.4
5021.64
5733.13
4987.96
4877.88
5119.93
5261.34
4560.17
5215.62
4548.94
5403.83
4631.37
4747.3
4603.63
4774.45
5070.48
4582.5
5228.33
5003.84
5169.27
4387.34
5128.42
5118.36
4791.24
4735.88
5857.11
5232.85
4974.28
4847.05
5324.96
4408.7
5375.55
5218.18
4825.77
5711.34
4930.88
4937.51
4325.26
5201.98
4697.68
5040.64
4846.84
4740.86
5590.43
5494.88
5391.61
4817.99
4624.54
5476.62
5555.48
5417.74
4689.27
5227.34
4718.44
5185.86
5081.58
5278.27
4558.89
5023.91
4696.11
4874.4
5197.9
5097.73
4786.69
4710.99
4897.1
5530.21
5644.43
5341.27
4567.21
5334.83
4743.06
4801.97
4639.36
5344.25
4822.8
4538.89
4906.09
5358.94
5269.77
4741.09
5126.96
4803.52
5463.9
5139.64
4885.62
5497.67
5081.42
4901.37
5197.02
4976.62
5959.75
4734.69
4822.14
5393.19
4991.8
4956.84
5414.43
4987.42
4346.33
4665.49
5192.78
5148.65
4764.2
5876.44
4935.58
5266.63
5176.83
4786.88
4815.86
4998.56
4631.09
4670.69
4872.96
4930.25
5171.94
5267.74
5080.03
5140.49
5132.69
4982.48
4263.31
4619.39
5572.07
5229.88
4490.99
4724.25
5103.51
4686.07
4512.71
4906.51
4773.3
4958.91
5245.68
5196.19
4449.41
5254.21
5419.21
4984.24
4570.49
5308.66
5101.27
5031
4488.7
5557.27
4285.5
5403.84
4870.73
4598.87
4727.03
5473.05
5285.97
5244.93
5237.24
4878.84
4773.71
5237.71
5143.72
4783.17
4975.52
4485.93
4953.58
4714.15
4916.41
4547.16
5358.92
5089.01
4893.94
4921.63
5520.54
5641.13
4808.27
4662.63
5079.4
5873.5
5332.13
5414.9
4397.22
4882.73
5232.91
4968.2
4551.56
5831.81
5195.18
5592.31
5479.1
4821.33
5221.25
4964.08
4460.15
5296.92
4809.94
4886.07
5301.79
4815.64
5372.75
5031.93
4906.96
4746.62
5290.7
5141.43
5377.38
4752.36
4639.87
4565.19
5161.9
4747.19
5113.11
5320.02
5248.82
4548.93
4851.25
4361.88
4771.56
4527.88
4799.48
5040.09
4578.56
5012.07
4894.24
4478.89
4487.38
4690.06
5378.14
4551.37
5280.28
5035.46
5284.38
5205.35
5342.04
5394.74
4624.81
5040.6
5423.66
5445.27
5536.41
5162.28
4129.71
4697.14
5480.87
5359.69
5211.85
4852.08
5062.95
4584.89
5158.08
5615.03
5208.28
4691.62
4622.47
5139.16
5320.26
4634.94
4818.35
5122.59
5277.65
5378.73
4538.6
5044.46
4963.77
4570.09
5004.34
5334.38
5178.55
4720.11
5546.8
5377.63
5048.52
5036.85
5066.7
5030.42
5256.26
4888.99
6043.38
5435.18
5130.91
5161.96
4934.8
5348.51
5083.01
5239.59
5450.98
5221.22
5236.87
4480.61
5228.54
4960.9
4557.66
5110.14
5136.08
5289.45
5127.58
4516.55
5618.59
5397.48
5597.25
5044.87
4590.72
5027.16
4839.48
5664.2
5060.01
5445.91
5020.18
4646.69
4990.71
5005.12
4776.75
5416.11
4847.32
5734.07
4744.69
4620.97
4907.46
4483.8
4809.75
5106.66
5452.76
5750.42
4516.64
4997.02
5065.12
5596.32
5412.1
4759.99
4757.56
5071.53
5232.59
5591.15
4907.71
4929.56
5401.97
5117.03
5078.3
4290.88
5156.55
4471.55
4957.76
5223.96
4983.16
4534.82
4938.28
5257.18
5244.53
5144.65
4913.37
4411.66
4658.44
5702
5628.83
5164.55
4583.83
4877.65
4223.38
5083.58
5226.22
4543.24
5168.21
4823
4578.65
5608.8
5385.14
5586.38
5319.97
4764.01
5032.56
5133.79
4458.73
5181.82
5485.22
4556.09
4929.37
4978.9
5507.24
5033.76
5113.09
4719.92
4831.7
5303.23
4893.71
5148.07
5091.8
4934.32
4383.7
5337.67
5113.76
5068.71
5133.4
4703.4
4795.61
4823.6
4842.58
5153.29
4606.5
4841.41
4884.26
4810.7
5737.05
5061.79
4767.68
4129.5
4970.76
4812.17
4387.42
4936.35
5102.56
5099.09
4536.78
4828.45
4974.87
5252.36
5203.71
4811.47
5009.56
4617.68
5206.84
5423.7
4634.42
5280.8
5105.81
4949.45
4856.56
5213.54
5242.86
5406.01
5371.7
5216.08
4900
5360.77
4711.26
5178.67
4820.42
5042.59
4791.24
4862.26
4804.12
5044.51
4779.26
4925.31
4413.51
5109.46
4583.41
5889.07
4751.46
5284.63
5882.68
5259.37
4689.34
4523.38
5269.98
5009.67
4877.61
5196.34
4930.64
4493.28
5038.96
4707.68
4430.71
5478.55
5386.06
4856.24
4413.97
5433.24
4643.69
4735.84
5239.85
4606.23
5298.84
5375.04
5107.23
4569.54
5404.99
5032.26
5418.43
4699.64
4706.88
4722.08
5009.37
5308.2
5088.08
5044.51
5460.86
4514.37
4564.12
4930.47
4998.21
4639.98
5362.02
5467.13
5010.81
4977.99
4714.58
4515.8
4974.38
4905.69
4942.1
5532.43
5280.23
5043.33
4960.63
4947.06
5566.25
5184.29
5554.33
5054.92
5095.22
4946.46
5038.16
4720.68
4676.54
5331.93
4700.28
5076.16
4882.24
4628.83
5450.82
4474.11
4206.65
5401.8
4540.84
5094.52
4651.95
4751.58
4927.62
4691.79
5135.73
5136.9
4519.91
5715.05
5122.7
4946.73
5125.81
5111.68
4842.64
4803.24
5006.36
4838.06
4536.14
4940.73
4574.58
4371.61
4782.92
4627.71
4962.1
5364.63
5235.51
5038.53
4540.53
4413.49
5503.71
5337.5
5488.51
5343.85
4185.28
5436.03
5105.05
5435.71
4810.5
4917.41
4718.54
5426.95
4843.78
5009.05
5015.88
5098.55
5093.52
5488.01
5307.7
5105.61
5815.72
5028.97
5950.91
5504.81
5196.66
4771.93
5208.05
5246.2
5168.27
4641.04
5189.38
4889.49
4766.92
4945.98
4386.51
4683.15
4776.02
5053.82
5152.6
4464.14
5013.32
4733.94
4847.3
5293.1
5694.33
5166.23
4881.07
5513.5
5381.77
5153.45
5144.42
5470.36
5611.74
5253.33
5263.58
4928.08
4858.88
4617.35
4832.87
4658.56
4272.92
5097.3
4736.62
4865.72
5284.64
5081.7
4699.44
5263.52
5215.2
4556.85
4416.84
4755.42
4473.17
5054.71
4762.96
5312.69
4947.2
5266.74
5122.34
4132.64
4374.83
4743.47
4659.41
4466.5
5161.19
4866.07
4748.14
5580.57
4953.81
4977.62
4513
4796.21
4689.22
4786.94
5311.27
5374.87
5467.13
5152.16
5707.43
4953.38
5448.28
5208.43
5112.58
4862.31
4554.49
5090.59
4907.45
5412.27
4581.79
4261.53
5157.13
4774.14
5741.43
5622.52
4885.49
5005.29
4936.44
4785.78
4714.41
5641.44
4814.56
4574.21
5247.24
4586.07
4777.92
5184.57
4053.59
4948.95
4853.35
5062.77
4363.13
4616.53
4831.26
4931.53
5397.03
5234.5
5366.53
4887.99
4645.68
4940.93
4681
5030.91
5143.99
4840.52
5141.65
4436.93
4685.58
4159.49
5613.5
4820.78
4968.52
4784.9
4809.43
5451.38
5199.09
4725.3
4975.19
4185.81
4641.63
5121.09
5399.01
5102.57
4517.71
5364.96
5207.69
4823.22
4177.97
4931.71
5207.56
5001.2
4932.36
4693.46
4790.74
5259.32
4515.76
5459.09
4690.6
5236.12
4863.64
5202.21
5671.99
5155.43
5042.13
5684.27
4666.68
4928.32
5223.79
4836.75
4904.11
5320.58
4777.48
4716.98
5207.06
5116.46
5228.99
4619.09
5164
5134.04
5282.31
4395.23
5128.78
4888.38
5106.38
4909.65
4873.76
4948.68
5391.27
5778.08
4341.46
4958
5169.04
4838.32
4845.05
4546.36
4749.1
5246.57
5075.54
4460.21
5469.14
5117.93
4178.11
5006.44
5680.89
5326.03
5528.58
5017.19
5337.84
4602.68
5269.38
5614.69
4902.28
5176.45
4802.06
4566.41
4588.33
5168.58
4611.26
4627.37
4915.22
4550.07
4820.61
5116.53
4844.67
5583.24
5072.69
5053.81
4426.65
4470.57
5080.26
4486.98
4839.39
5595.93
4942.39
4687.78
4971.99
5280.62
4532.14
4685.33
4755.12
4226.62
4374.25
4411.92
5257.78
5373.03
5014.73
5057.82
5018.84
5441.07
4837.08
5061.96
4291.75
5266.58
5468.52
5389.74
5036.08
5064.58
4693.26
5117.17
4954.2
5032.07
4808.52
5519.34
5032.05
5267.34
4954.17
5125.74
4840.17
5267.58
4651.43
5465.59
4960.67
5040.01
5512.13
5168.72
4381.64
4786.17
4740.02
5511.54
5260.85
4628.59
5229.59
5330.07
5337.98
4523.93
5357.39
5128.04
5161.77
4462.55
4641.11
5389.3
4879.14
5212.82
5224.35
4750.77
5405.7
4398.37
5146.11
4859.98
5798.32
4204.9
5078.8
5303.22
5485.5
4638.6
5107.87
4874.63
5105.12
4610.17
4887.52
5016.61
5435.46
5295.7
4464.55
5778.45
5137.45
4997.75
5165.48
4737.56
5343.24
5053.98
5544.78
4920.21
5313.13
4535.06
4683.42
5018.97
4697.96
4628.29
5197.13
5275.41
4893.35
4975.66
4748.56
4403.26
5101.68
4775.64
5467.88
5054.46
5728.62
5013.51
4803.13
4963.07
5255.73
5111.73
5057.31
4688.11
5344.9
5461
4519.33
5176.97
4685.34
4944.23
5353.92
5340.9
4824.31
4915.17
5123.12
4624.1
5468.92
5185.13
5035.95
5138.94
5316.81
4961.12
5272.73
4861.82
5428.25
5092.57
5206.52
4967.7
4475.7
5679.27
4672.37
5279.81
4487.77
5354.03
4761.66
4898.48
4475.01
4708.07
4790.94
5496.12
4266.07
4990.12
5565.12
5538.33
4659.07
5468.59
4753.6
4732.74
4652.37
5172.88
4477.01
4753.63
5164.54
4877.3
5096.15
4757.16
5177.17
4768.28
5011.17
4764.71
4811.11
5291.87
5228.02
5026.53
5079.21
5240.68
5448.26
5013.77
4712.56
4944.36
5461.02
5153.39
5534.71
5125.72
4572.02
4608.16
4874.02
4280.95
5267.84
5780.7
4533.88
5104.16
4777.47
5067.47
5563.48
5071.34
5350
5473.84
5246.49
5024.4
5021.64
5733.13
4987.96
4877.88
5119.93
5261.34
4560.17
5215.62
4548.94
5403.83
4631.37
4747.3
4603.63
4774.45
5070.48
4582.5
5228.33
5003.84
5169.27
4387.34
5128.42
5118.36
4791.24
4735.88
5857.11
5232.85
4974.28
4847.05
5324.96
4408.7
5375.55
5218.18
4825.77
5711.34
4930.88
4937.51
4325.26
5201.98
4697.68
5040.64
4846.84
4740.86
5590.43
5494.88
5391.61
4817.99
4624.54
5476.62
5555.48
5417.74
4689.27
5227.34
4718.44
5185.86
5081.58
5278.27
4558.89
5023.91
4696.11
4874.4
5197.9
5097.73
4786.69
4710.99
4897.1
5530.21
5644.43
5341.27
4567.21
5334.83
4743.06
4801.97
4639.36
5344.25
4822.8
4538.89
4906.09
5358.94
5269.77
4741.09
5126.96
4803.52
5463.9
5139.64
4885.62
5497.67
5081.42
4901.37
5197.02
4976.62
5959.75
4734.69
4822.14
5393.19
4991.8
4956.84
5414.43
4987.42
4346.33
4665.49
5192.78
5148.65
4764.2
5876.44
4935.58
5266.63
5176.83
4786.88
4815.86
4998.56
4631.09
4670.69
4872.96
4930.25
5171.94
5267.74
5080.03
5140.49
5132.69
4982.48
4263.31
4619.39
5572.07
5229.88
4490.99
4724.25
5103.51
4686.07
4512.71
4906.51
4773.3
4958.91
5245.68
5196.19
4449.41
5254.21
5419.21
4984.24
4570.49
5308.66
5101.27
5031
4488.7
5557.27
4285.5
5403.84
4870.73
4598.87
4727.03
5473.05
5285.97
5244.93
5237.24
4878.84
4773.71
5237.71
5143.72
4783.17
4975.52
4485.93
4953.58
4714.15
4916.41
4547.16
5358.92
5089.01
4893.94
4921.63
5520.54
5641.13
4808.27
4662.63
5079.4
5873.5
5332.13
5414.9
4397.22
4882.73
5232.91
4968.2
4551.56
5831.81
5195.18
5592.31
5479.1
4821.33
5221.25
4964.08
4460.15
5296.92
4809.94
4886.07
5301.79
4815.64
5372.75
5031.93
4906.96
4746.62
5290.7
5141.43
5377.38
4752.36
4639.87
4565.19
5161.9
4747.19
5113.11
5320.02
5248.82
4548.93
4851.25
4361.88
4771.56
4527.88
4799.48
5040.09
4578.56
5012.07
4894.24
4478.89
4487.38
4690.06
5378.14
4551.37
5280.28
5035.46
5284.38
5205.35
5342.04
5394.74
4624.81
5040.6
5423.66
5445.27
5536.41
5162.28
4129.71
4697.14
5480.87
5359.69
5211.85
4852.08
5062.95
4584.89
5158.08
5615.03
5208.28
4691.62
4622.47
5139.16
5320.26
4634.94
4818.35
5122.59
5277.65
5378.73
4538.6
5044.46
4963.77
4570.09
5004.34
5334.38
5178.55
4720.11
5546.8
5377.63
5048.52
5036.85
5066.7
5030.42
5256.26
4888.99
6043.38
5435.18
5130.91
5161.96
4934.8
5348.51
5083.01
5239.59
5450.98
5221.22
5236.87
4480.61
5228.54
4960.9
4557.66
5110.14
5136.08
5289.45
5127.58
4516.55
5618.59
5397.48
5597.25
5044.87
4590.72
5027.16
4839.48
5664.2
5060.01
5445.91
5020.18
4646.69
4990.71
5005.12
4776.75
5416.11
4847.32
5734.07
4744.69
4620.97
4907.46
4483.8
4809.75
5106.66
5452.76
5750.42
4516.64
4997.02
5065.12
5596.32
5412.1
4759.99
4757.56
5071.53
5232.59
5591.15
4907.71
4929.56
5401.97
5117.03
5078.3
4290.88
5156.55
4471.55
4957.76
5223.96
4983.16
4534.82
4938.28
5257.18
5244.53
5144.65
4913.37
4411.66
4658.44
5702
5628.83
5164.55
4583.83
4877.65
4223.38
5083.58
5226.22
4543.24
5168.21
4823
4578.65
5608.8
5385.14
5586.38
5319.97
4764.01
5032.56
5133.79
4458.73
5181.82
5485.22
4556.09
4929.37
4978.9
5507.24
5033.76
5113.09
4719.92
4831.7
5303.23
4893.71
5148.07
5091.8
4934.32
4383.7
5337.67
5113.76
5068.71
5133.4
4703.4
4795.61
4823.6
4842.58
5153.29
4606.5
4841.41
4884.26
4810.7
5737.05
5061.79
4767.68
4129.5
4970.76
4812.17
4387.42
4936.35
5102.56
5099.09
4536.78
4828.45
4974.87
5252.36
5203.71
4811.47
5009.56
4617.68
5206.84
5423.7
4634.42
5280.8
5105.81
4949.45
4856.56
5213.54
5242.86
5406.01
5371.7
5216.08
4900
5360.77
4711.26
5178.67
4820.42
5042.59
4791.24
4862.26
4804.12
5044.51
4779.26
4925.31
4413.51
5109.46
4583.41
5889.07
4751.46
5284.63
5882.68
5259.37
4689.34
4523.38
5269.98
5009.67
4877.61
5196.34
4930.64
4493.28
5038.96
4707.68
4430.71
5478.55
5386.06
4856.24
4413.97
5433.24
4643.69
4735.84
5239.85
4606.23
5298.84
5375.04
5107.23
4569.54
5404.99
5032.26
5418.43
4699.64
4706.88
4722.08
5009.37
5308.2
5088.08
5044.51
5460.86
4514.37
4564.12
4930.47
4998.21
4639.98
5362.02
5467.13
5010.81
4977.99
4714.58
4515.8
4974.38
4905.69
4942.1
5532.43
5280.23
5043.33
4960.63
4947.06
5566.25
5184.29
5554.33
5054.92
5095.22
4946.46
5038.16
4720.68
4676.54
5331.93
4700.28
5076.16
4882.24
4628.83
5450.82
4474.11
4206.65
5401.8
4540.84
5094.52
4651.95
4751.58
4927.62
4691.79
5135.73
5136.9
4519.91
5715.05
5122.7
4946.73
5125.81
5111.68
4842.64
4803.24
5006.36
4838.06
4536.14
4940.73
4574.58
4371.61
4782.92
4627.71
4962.1
5364.63
5235.51
5038.53
4540.53
4413.49
5503.71
5337.5
5488.51
5343.85
4185.28
5436.03
5105.05
5435.71
4810.5
4917.41
4718.54
5426.95
4843.78
5009.05
5015.88
5098.55
5093.52
5488.01
5307.7
5105.61
5815.72
5028.97
5950.91
5504.81
5196.66
4771.93
5208.05
5246.2
5168.27
4641.04
5189.38
4889.49
4766.92
4945.98
4386.51
4683.15
4776.02
5053.82
5152.6
4464.14
5013.32
4733.94
4847.3
5293.1
5694.33
5166.23
4881.07
5513.5
5381.77
5153.45
5144.42
5470.36
5611.74
5253.33
5263.58
4928.08
4858.88
4617.35
4832.87
4658.56
4272.92
5097.3
4736.62
4865.72
5284.64
5081.7
4699.44
5263.52
5215.2
4556.85
4416.84
4755.42
4473.17
5054.71
4762.96
5312.69
4947.2
5266.74
5122.34
4132.64
4374.83
4743.47
4659.41
4466.5
5161.19
4866.07
4748.14
5580.57
4953.81
4977.62
4513
4796.21
4689.22
4786.94
5311.27
5374.87
5467.13
5152.16
5707.43
4953.38
5448.28
5208.43
5112.58
4862.31
4554.49
5090.59
4907.45
5412.27
4581.79
4261.53
5157.13
4774.14
5741.43
5622.52
4885.49
5005.29
4936.44
4785.78
4714.41
5641.44
4814.56
4574.21
5247.24
4586.07
4777.92
5184.57
4053.59
4948.95
4853.35
5062.77
4363.13
4616.53
4831.26
4931.53
5397.03
5234.5
5366.53
4887.99
4645.68
4940.93
4681
5030.91
5143.99
4840.52
5141.65
4436.93
4685.58
4159.49
5613.5
4820.78
4968.52
4784.9
4809.43
5451.38
5199.09
4725.3
4975.19
4185.81
4641.63
5121.09
5399.01
5102.57
4517.71
5364.96
5207.69
4823.22
4177.97
4931.71
5207.56
5001.2
4932.36
4693.46
4790.74
5259.32
4515.76
5459.09
4690.6
5236.12
4863.64
5202.21
5671.99
5155.43
5042.13
5684.27
4666.68
4928.32
5223.79
4836.75
4904.11
5320.58
4777.48
4716.98
5207.06
5116.46
5228.99
4619.09
5164
5134.04
5282.31
4395.23
5128.78
4888.38
5106.38
4909.65
4873.76
4948.68
5391.27
5778.08
4341.46
4958
5169.04
4838.32
4845.05
4546.36
4749.1
5246.57
5075.54
4460.21
5469.14
5117.93
4178.11
5006.44
5680.89
5326.03
5528.58
5017.19
5337.84
4602.68
5269.38
5614.69
4902.28
5176.45
4802.06
4566.41
4588.33
5168.58
4611.26
4627.37
4915.22
4550.07
4820.61
5116.53
4844.67
5583.24
5072.69
5053.81
4426.65
4470.57
5080.26
4486.98
4839.39
5595.93
4942.39
4687.78
4971.99
5280.62
4532.14
4685.33
4755.12
4226.62
4374.25
4411.92
5257.78
5373.03
5014.73
5057.82
5018.84
5441.07
4837.08
5061.96
4291.75
5266.58
5468.52
5389.74
5036.08
5064.58
4693.26
5117.17
4954.2
5032.07
4808.52
5519.34
5032.05
5267.34
4954.17
5125.74
4840.17
5267.58
4651.43
5465.59
4960.67
5040.01
5512.13
5168.72
4381.64
4786.17
4740.02
5511.54
5260.85
4628.59
5229.59
5330.07
5337.98
4523.93
5357.39
5128.04
5161.77
4462.55
4641.11
5389.3
4879.14
5212.82
5224.35
4750.77
5405.7
4398.37
5146.11
4859.98
5798.32
4204.9
5078.8
5303.22
5485.5
4638.6
5107.87
4874.63
5105.12
4610.17
4887.52
5016.61
5435.46
5295.7
4464.55
5778.45
5137.45
4997.75
5165.48
4737.56
5343.24
5053.98
5544.78
4920.21
5313.13
4535.06
4683.42
5018.97
4697.96
4628.29
5197.13
5275.41
4893.35
4975.66
4748.56
4403.26
5101.68
4775.64
5467.88
5054.46
5728.62
5013.51
4803.13
4963.07
5255.73
5111.73
5057.31
4688.11
5344.9
5461
4519.33
5176.97
4685.34
4944.23
5353.92
5340.9
4824.31
4915.17
5123.12
4624.1
5468.92
5185.13
5035.95
5138.94
5316.81
4961.12
5272.73
4861.82
5428.25
5092.57
5206.52
4967.7
4475.7
5679.27
4672.37
5279.81
4487.77
5354.03
4761.66
4898.48
4475.01
4708.07
4790.94
5496.12
4266.07
4990.12
5565.12
5538.33
4659.07
5468.59
4753.6
4732.74
4652.37
5172.88
4477.01
4753.63
5164.54
4877.3
5096.15
4757.16
5177.17
4768.28
5011.17
4764.71
4811.11
5291.87
5228.02
5026.53
5079.21
5240.68
5448.26
5013.77
4712.56
4944.36
5461.02
5153.39
5534.71
5125.72
4572.02
4608.16
4874.02
4280.95
5267.84
5780.7
4533.88
5104.16
4777.47
5067.47
5563.48
5071.34
5350
5473.84
5246.49
5024.4
5021.64
5733.13
4987.96
4877.88
5119.93
5261.34
4560.17
5215.62
4548.94
5403.83
4631.37
4747.3
4603.63
4774.45
5070.48
4582.5
5228.33
5003.84
5169.27
4387.34
5128.42
5118.36
4791.24
4735.88
5857.11
5232.85
4974.28
4847.05
5324.96
4408.7
5375.55
5218.18
4825.77
5711.34
4930.88
4937.51
4325.26
5201.98
4697.68
5040.64
4846.84
4740.86
5590.43
5494.88
5391.61
4817.99
4624.54
5476.62
5555.48
5417.74
4689.27
5227.34
4718.44
5185.86
5081.58
5278.27
4558.89
5023.91
4696.11
4874.4
5197.9
5097.73
4786.69
4710.99
4897.1
5530.21
5644.43
5341.27
4567.21
5334.83
4743.06
4801.97
4639.36
5344.25
4822.8
4538.89
4906.09
5358.94
5269.77
4741.09
5126.96
4803.52
5463.9
5139.64
4885.62
5497.67
5081.42
4901.37
5197.02
4976.62
5959.75
4734.69
4822.14
5393.19
4991.8
4956.84
5414.43
4987.42
4346.33
4665.49
5192.78
5148.65
4764.2
5876.44
4935.58
5266.63
5176.83
4786.88
4815.86
4998.56
4631.09
4670.69
4872.96
4930.25
5171.94
5267.74
5080.03
5140.49
5132.69
4982.48
4263.31
4619.39
5572.07
5229.88
4490.99
4724.25
5103.51
4686.07
4512.71
4906.51
4773.3
4958.91
5245.68
5196.19
4449.41
5254.21
5419.21
4984.24
4570.49
5308.66
5101.27
5031
4488.7
5557.27
4285.5
5403.84
4870.73
4598.87
4727.03
5473.05
5285.97
5244.93
5237.24
4878.84
4773.71
5237.71
5143.72
4783.17
4975.52
4485.93
4953.58
4714.15
4916.41
4547.16
5358.92
5089.01
4893.94
4921.63
5520.54
5641.13
4808.27
4662.63
5079.4
5873.5
5332.13
5414.9
4397.22
4882.73
5232.91
4968.2
4551.56
5831.81
5195.18
5592.31
5479.1
4821.33
5221.25
4964.08
4460.15
5296.92
4809.94
4886.07
5301.79
4815.64
5372.75
5031.93
4906.96
4746.62
5290.7
5141.43
5377.38
4752.36
4639.87
4565.19
5161.9
4747.19
5113.11
5320.02
5248.82
4548.93
4851.25
4361.88
4771.56
4527.88
4799.48
5040.09
4578.56
5012.07
4894.24
4478.89
4487.38
4690.06
5378.14
4551.37
5280.28
5035.46
5284.38
5205.35
5342.04
5394.74
4624.81
5040.6
5423.66
5445.27
5536.41
5162.28
4129.71
4697.14
5480.87
5359.69
5211.85
4852.08
5062.95
4584.89
5158.08
5615.03
5208.28
4691.62
4622.47
5139.16
5320.26
4634.94
4818.35
5122.59
5277.65
5378.73
4538.6
5044.46
4963.77
4570.09
5004.34
5334.38
5178.55
4720.11
5546.8
5377.63
5048.52
5036.85
5066.7
5030.42
5256.26
4888.99
6043.38
5435.18
5130.91
5161.96
4934.8
5348.51
5083.01
5239.59
5450.98
5221.22
5236.87
4480.61
5228.54
4960.9
4557.66
5110.14
5136.08
5289.45
5127.58
4516.55
5618.59
5397.48
5597.25
5044.87
4590.72
5027.16
4839.48
5664.2
5060.01
5445.91
5020.18
4646.69
4990.71
5005.12
4776.75
5416.11
4847.32
5734.07
4744.69
4620.97
4907.46
4483.8
4809.75
5106.66
5452.76
5750.42
4516.64
4997.02
5065.12
5596.32
5412.1
4759.99
4757.56
5071.53
5232.59
5591.15
4907.71
4929.56
5401.97
5117.03
5078.3
4290.88
5156.55
4471.55
4957.76
5223.96
4983.16
4534.82
4938.28
5257.18
5244.53
5144.65
4913.37
4411.66
4658.44
5702
5628.83
5164.55
4583.83
4877.65
4223.38
5083.58
5226.22
4543.24
5168.21
4823
4578.65
5608.8
5385.14
5586.38
5319.97
4764.01
5032.56
5133.79
4458.73
5181.82
5485.22
4556.09
4929.37
4978.9
5507.24
5033.76
5113.09
4719.92
4831.7
5303.23
4893.71
5148.07
5091.8
4934.32
4383.7
5337.67
5113.76
5068.71
5133.4
4703.4
4795.61
4823.6
4842.58
5153.29
4606.5
4841.41
4884.26
4810.7
5737.05
5061.79
4767.68
4129.5
4970.76
4812.17
4387.42
4936.35
5102.56
5099.09
4536.78
4828.45
4974.87
5252.36
5203.71
4811.47
5009.56
4617.68
5206.84
5423.7
4634.42
5280.8
5105.81
4949.45
4856.56
5213.54
5242.86
5406.01
5371.7
5216.08
4900
5360.77
4711.26
5178.67
4820.42
5042.59
4791.24
4862.26
4804.12
5044.51
4779.26
4925.31
4413.51
5109.46
4583.41
5889.07
4751.46
5284.63
5882.68
5259.37
4689.34
4523.38
5269.98
5009.67
4877.61
5196.34
4930.64
4493.28
5038.96
4707.68
4430.71
5478.55
5386.06
4856.24
4413.97
5433.24
4643.69
4735.84
5239.85
4606.23
5298.84
5375.04
5107.23
4569.54
5404.99
5032.26
5418.43
4699.64
4706.88
4722.08
5009.37
5308.2
5088.08
5044.51
5460.86
4514.37
4564.12
4930.47
4998.21
4639.98
5362.02
5467.13
5010.81
4977.99
4714.58
4515.8
4974.38
4905.69
4942.1
5532.43
5280.23
5043.33
4960.63
4947.06
5566.25
5184.29
5554.33
5054.92
5095.22
4946.46
5038.16
4720.68
4676.54
5331.93
4700.28
5076.16
4882.24
4628.83
5450.82
4474.11
4206.65
5401.8
4540.84
5094.52
4651.95
4751.58
4927.62
4691.79
5135.73
5136.9
4519.91
5715.05
5122.7
4946.73
5125.81
5111.68
4842.64
4803.24
5006.36
4838.06
4536.14
4940.73
4574.58
4371.61
4782.92
4627.71
4962.1
5364.63
5235.51
5038.53
4540.53
4413.49
5503.71
5337.5
5488.51
5343.85
4185.28
5436.03
5105.05
5435.71
4810.5
4917.41
4718.54
5426.95
4843.78
5009.05
5015.88
5098.55
5093.52
5488.01
5307.7
5105.61
5815.72
5028.97
5950.91
5504.81
5196.66
4771.93
5208.05
5246.2
5168.27
4641.04
5189.38
4889.49
4766.92
4945.98
4386.51
4683.15
4776.02
5053.82
5152.6
4464.14
5013.32
4733.94
4847.3
5293.1
5694.33
5166.23
4881.07
5513.5
5381.77
5153.45
5144.42
5470.36
5611.74
5253.33
5263.58
4928.08
4858.88
4617.35
4832.87
4658.56
4272.92
5097.3
4736.62
4865.72
5284.64
5081.7
4699.44
5263.52
5215.2
4556.85
4416.84
4755.42
4473.17
5054.71
4762.96
5312.69
4947.2
5266.74
5122.34
4132.64
4374.83
4743.47
4659.41
4466.5
5161.19
4866.07
4748.14
5580.57
4953.81
4977.62
4513
4796.21
4689.22
4786.94
5311.27
5374.87
5467.13
5152.16
5707.43
4953.38
5448.28
5208.43
5112.58
4862.31
4554.49
5090.59
4907.45
5412.27
4581.79
4261.53
5157.13
4774.14
5741.43
5622.52
4885.49
5005.29
4936.44
4785.78
4714.41
5641.44
4814.56
4574.21
5247.24
4586.07
4777.92
5184.57
4053.59
4948.95
4853.35
5062.77
4363.13
4616.53
4831.26
4931.53
5397.03
5234.5
5366.53
4887.99
4645.68
4940.93
4681
5030.91
5143.99
4840.52
5141.65
4436.93
4685.58
4159.49
5613.5
4820.78
4968.52
4784.9
4809.43
5451.38
5199.09
4725.3
4975.19
4185.81
4641.63
5121.09
5399.01
5102.57
4517.71
5364.96
5207.69
4823.22
4177.97
4931.71
5207.56
5001.2
4932.36
4693.46
4790.74
5259.32
4515.76
5459.09
4690.6
5236.12
4863.64
5202.21
5671.99
5155.43
5042.13
5684.27
4666.68
4928.32
5223.79
4836.75
4904.11
5320.58
4777.48
4716.98
5207.06
5116.46
5228.99
4619.09
5164
5134.04
5282.31
4395.23
5128.78
4888.38
5106.38
4909.65
4873.76
4948.68
5391.27
5778.08
4341.46
4958
5169.04
4838.32
4845.05
4546.36
4749.1
5246.57
5075.54
4460.21
5469.14
5117.93
4178.11
5006.44
5680.89
5326.03
5528.58
5017.19
5337.84
4602.68
5269.38
5614.69
4902.28
5176.45
4802.06
4566.41
4588.33
5168.58
4611.26
4627.37
4915.22
4550.07
4820.61
5116.53
4844.67
5583.24
5072.69
5053.81
4426.65
4470.57
5080.26
4486.98
4839.39
5595.93
4942.39
4687.78
4971.99
5280.62
4532.14
4685.33
4755.12
4226.62
4374.25
4411.92
5257.78
5373.03
5014.73
5057.82
5018.84
5441.07
4837.08
5061.96
4291.75
5266.58
5468.52
5389.74
5036.08
5064.58
4693.26
5117.17
4954.2
5032.07
4808.52
5519.34
5032.05
5267.34
4954.17
5125.74
4840.17
5267.58
4651.43
5465.59
4960.67
5040.01
5512.13
5168.72
4381.64
4786.17
4740.02
5511.54
5260.85
4628.59
5229.59
5330.07
5337.98
4523.93
5357.39
5128.04
5161.77
4462.55
4641.11
