# Replication number 1/1
0.000000 100.000000 100.000000 0.000000
0.835528 99.000000 99.000000 1.000000
1.253344 98.000000 98.000000 2.000000
2.514956 97.000000 97.000000 3.000000
3.721338 96.000000 96.000000 4.000000
7.822242 95.000000 95.000000 5.000000
7.967800 94.000000 94.000000 6.000000
9.059106 93.000000 93.000000 7.000000
10.180694 92.000000 92.000000 8.000000
16.568564 91.000000 91.000000 9.000000
17.133388 90.000000 90.000000 10.000000
17.329720 89.000000 89.000000 11.000000
17.438682 88.000000 88.000000 12.000000
18.202945 87.000000 87.000000 13.000000
18.920355 86.000000 86.000000 14.000000
21.126707 85.000000 85.000000 15.000000
24.905666 84.000000 84.000000 16.000000
26.478913 83.000000 83.000000 17.000000
30.815408 82.000000 82.000000 18.000000
31.037988 81.000000 81.000000 19.000000
31.374504 80.000000 80.000000 20.000000
33.053588 79.000000 79.000000 21.000000
35.742022 78.000000 78.000000 22.000000
36.534914 77.000000 77.000000 23.000000
37.094467 76.000000 76.000000 24.000000
37.402756 75.000000 75.000000 25.000000
38.556208 74.000000 74.000000 26.000000
39.964378 73.000000 73.000000 27.000000
40.624946 72.000000 72.000000 28.000000
40.770504 71.000000 71.000000 29.000000
41.861810 70.000000 70.000000 30.000000
42.983398 69.000000 69.000000 31.000000
49.371268 68.000000 68.000000 32.000000
49.936092 67.000000 67.000000 33.000000
50.132424 66.000000 66.000000 34.000000
50.241386 65.000000 65.000000 35.000000
51.005649 64.000000 64.000000 36.000000
51.723059 63.000000 63.000000 37.000000
53.929411 62.000000 62.000000 38.000000
57.708370 61.000000 61.000000 39.000000
59.281617 60.000000 60.000000 40.000000
63.618112 59.000000 59.000000 41.000000
63.840692 58.000000 58.000000 42.000000
64.177208 57.000000 57.000000 43.000000
65.856292 56.000000 56.000000 44.000000
68.544726 55.000000 55.000000 45.000000
69.337618 54.000000 54.000000 46.000000
69.897171 53.000000 53.000000 47.000000
70.205460 52.000000 52.000000 48.000000
71.358912 51.000000 51.000000 49.000000
72.767082 50.000000 50.000000 50.000000
73.427650 49.000000 49.000000 51.000000
73.573208 48.000000 48.000000 52.000000
74.664514 47.000000 47.000000 53.000000
75.786102 46.000000 46.000000 54.000000
82.173972 45.000000 45.000000 55.000000
82.738796 44.000000 44.000000 56.000000
82.935128 43.000000 43.000000 57.000000
83.044090 42.000000 42.000000 58.000000
83.808353 41.000000 41.000000 59.000000
84.525763 40.000000 40.000000 60.000000
86.732115 39.000000 39.000000 61.000000
90.511074 38.000000 38.000000 62.000000
92.084321 37.000000 37.000000 63.000000
96.420816 36.000000 36.000000 64.000000
96.643396 35.000000 35.000000 65.000000
96.979912 34.000000 34.000000 66.000000
98.658996 33.000000 33.000000 67.000000
101.347430 32.000000 32.000000 68.000000
102.140322 31.000000 31.000000 69.000000
102.699875 32.000000 32.000000 68.000000
103.008164 31.000000 31.000000 69.000000
104.161616 30.000000 30.000000 70.000000
105.569786 29.000000 29.000000 71.000000
106.230354 28.000000 28.000000 72.000000
106.375912 27.000000 27.000000 73.000000
107.467218 26.000000 26.000000 74.000000
108.588806 25.000000 25.000000 75.000000
114.976676 24.000000 24.000000 76.000000
115.541500 23.000000 23.000000 77.000000
115.737832 22.000000 22.000000 78.000000
115.846794 21.000000 21.000000 79.000000
116.611057 20.000000 20.000000 80.000000
117.328467 21.000000 21.000000 79.000000
119.534819 20.000000 20.000000 80.000000
123.313778 19.000000 19.000000 81.000000
124.887025 18.000000 18.000000 82.000000
129.223520 19.000000 19.000000 81.000000
129.446100 18.000000 18.000000 82.000000
129.782616 17.000000 17.000000 83.000000
131.461700 16.000000 16.000000 84.000000
134.150134 15.000000 15.000000 85.000000
134.943026 16.000000 16.000000 84.000000
135.502579 17.000000 17.000000 83.000000
135.810868 16.000000 16.000000 84.000000
136.964320 15.000000 15.000000 85.000000
138.372490 14.000000 14.000000 86.000000
139.033058 13.000000 13.000000 87.000000
139.178616 12.000000 12.000000 88.000000
140.269922 11.000000 11.000000 89.000000
141.391510 12.000000 12.000000 88.000000
147.779380 13.000000 13.000000 87.000000
148.344204 12.000000 12.000000 88.000000
148.540536 11.000000 11.000000 89.000000
148.649498 12.000000 12.000000 88.000000
149.413761 13.000000 13.000000 87.000000
150.131171 14.000000 14.000000 86.000000
152.337523 13.000000 13.000000 87.000000
156.116482 12.000000 12.000000 88.000000
157.689729 13.000000 13.000000 87.000000
162.026224 14.000000 14.000000 86.000000
162.248804 13.000000 13.000000 87.000000
162.585320 12.000000 12.000000 88.000000
164.264404 11.000000 11.000000 89.000000
166.952838 12.000000 12.000000 88.000000
167.745730 13.000000 13.000000 87.000000
168.305283 14.000000 14.000000 86.000000
168.613572 13.000000 13.000000 87.000000
169.767024 12.000000 12.000000 88.000000
171.175194 11.000000 11.000000 89.000000
171.835762 10.000000 10.000000 90.000000
171.981320 9.000000 9.000000 91.000000
173.072626 8.000000 8.000000 92.000000
174.194214 9.000000 9.000000 91.000000
180.582084 10.000000 10.000000 90.000000
181.146908 9.000000 9.000000 91.000000
181.343240 8.000000 8.000000 92.000000
181.452202 9.000000 9.000000 91.000000
182.216465 10.000000 10.000000 90.000000
182.933875 11.000000 11.000000 89.000000
185.140227 10.000000 10.000000 90.000000
188.919186 9.000000 9.000000 91.000000
190.492433 10.000000 10.000000 90.000000
194.828928 11.000000 11.000000 89.000000
195.051508 10.000000 10.000000 90.000000
195.388024 9.000000 9.000000 91.000000
197.067108 8.000000 8.000000 92.000000
199.755542 9.000000 9.000000 91.000000
200.548434 10.000000 10.000000 90.000000
201.107987 11.000000 11.000000 89.000000
201.416276 12.000000 12.000000 88.000000
202.569728 13.000000 13.000000 87.000000
203.977898 12.000000 12.000000 88.000000
204.638466 11.000000 11.000000 89.000000
204.784024 10.000000 10.000000 90.000000
205.875330 9.000000 9.000000 91.000000
206.996918 10.000000 10.000000 90.000000
213.384788 11.000000 11.000000 89.000000
213.949612 10.000000 10.000000 90.000000
214.145944 9.000000 9.000000 91.000000
214.254906 10.000000 10.000000 90.000000
215.019169 11.000000 11.000000 89.000000
215.736579 12.000000 12.000000 88.000000
217.942931 11.000000 11.000000 89.000000
221.721890 10.000000 10.000000 90.000000
223.295137 11.000000 11.000000 89.000000
227.631632 12.000000 12.000000 88.000000
227.854212 11.000000 11.000000 89.000000
228.190728 10.000000 10.000000 90.000000
229.869812 9.000000 9.000000 91.000000
232.558246 10.000000 10.000000 90.000000
233.351138 11.000000 11.000000 89.000000
233.910691 12.000000 12.000000 88.000000
234.218980 13.000000 13.000000 87.000000
235.372432 12.000000 12.000000 88.000000
236.780602 11.000000 11.000000 89.000000
237.441170 10.000000 10.000000 90.000000
237.586728 9.000000 9.000000 91.000000
238.678034 8.000000 8.000000 92.000000
239.799622 9.000000 9.000000 91.000000
246.187492 10.000000 10.000000 90.000000
246.752316 9.000000 9.000000 91.000000
246.948648 8.000000 8.000000 92.000000
247.057610 9.000000 9.000000 91.000000
247.821873 10.000000 10.000000 90.000000
248.539283 11.000000 11.000000 89.000000
250.745635 10.000000 10.000000 90.000000
254.524594 9.000000 9.000000 91.000000
256.097841 10.000000 10.000000 90.000000
260.434336 11.000000 11.000000 89.000000
260.656916 10.000000 10.000000 90.000000
260.993432 9.000000 9.000000 91.000000
262.672516 8.000000 8.000000 92.000000
265.360950 9.000000 9.000000 91.000000
266.153842 10.000000 10.000000 90.000000
266.713395 11.000000 11.000000 89.000000
267.021684 12.000000 12.000000 88.000000
268.175136 13.000000 13.000000 87.000000
269.583306 12.000000 12.000000 88.000000
270.243874 11.000000 11.000000 89.000000
270.389432 10.000000 10.000000 90.000000
271.480738 9.000000 9.000000 91.000000
272.602326 10.000000 10.000000 90.000000
278.990196 11.000000 11.000000 89.000000
279.555020 10.000000 10.000000 90.000000
279.751352 9.000000 9.000000 91.000000
279.860314 10.000000 10.000000 90.000000
280.624577 11.000000 11.000000 89.000000
281.341987 12.000000 12.000000 88.000000
283.548339 11.000000 11.000000 89.000000
287.327298 10.000000 10.000000 90.000000
288.900545 11.000000 11.000000 89.000000
293.237040 12.000000 12.000000 88.000000
293.459620 11.000000 11.000000 89.000000
293.796136 10.000000 10.000000 90.000000
295.475220 9.000000 9.000000 91.000000
298.163654 10.000000 10.000000 90.000000
298.956546 11.000000 11.000000 89.000000
299.516099 12.000000 12.000000 88.000000
299.824388 13.000000 13.000000 87.000000
300.977840 12.000000 12.000000 88.000000
302.386010 11.000000 11.000000 89.000000
303.046578 10.000000 10.000000 90.000000
303.192136 9.000000 9.000000 91.000000
304.283442 8.000000 8.000000 92.000000
305.405030 9.000000 9.000000 91.000000
311.792900 10.000000 10.000000 90.000000
312.357724 9.000000 9.000000 91.000000
312.554056 8.000000 8.000000 92.000000
312.663018 9.000000 9.000000 91.000000
313.427281 10.000000 10.000000 90.000000
314.144691 11.000000 11.000000 89.000000
316.351043 10.000000 10.000000 90.000000
320.130002 9.000000 9.000000 91.000000
321.703249 10.000000 10.000000 90.000000
326.039744 11.000000 11.000000 89.000000
326.262324 10.000000 10.000000 90.000000
326.598840 9.000000 9.000000 91.000000
328.277924 8.000000 8.000000 92.000000
330.966358 9.000000 9.000000 91.000000
331.759250 10.000000 10.000000 90.000000
332.318803 11.000000 11.000000 89.000000
332.627092 12.000000 12.000000 88.000000
333.780544 13.000000 13.000000 87.000000
335.188714 12.000000 12.000000 88.000000
335.849282 11.000000 11.000000 89.000000
335.994840 10.000000 10.000000 90.000000
337.086146 9.000000 9.000000 91.000000
338.207734 10.000000 10.000000 90.000000
344.595604 11.000000 11.000000 89.000000
345.160428 10.000000 10.000000 90.000000
345.356760 9.000000 9.000000 91.000000
345.465722 10.000000 10.000000 90.000000
346.229985 11.000000 11.000000 89.000000
346.947395 12.000000 12.000000 88.000000
349.153747 11.000000 11.000000 89.000000
352.932706 10.000000 10.000000 90.000000
354.505953 11.000000 11.000000 89.000000
358.842448 12.000000 12.000000 88.000000
359.065028 11.000000 11.000000 89.000000
359.401544 10.000000 10.000000 90.000000
361.080628 9.000000 9.000000 91.000000
363.769062 10.000000 10.000000 90.000000
364.561954 11.000000 11.000000 89.000000
365.121507 12.000000 12.000000 88.000000
365.429796 13.000000 13.000000 87.000000
366.583248 12.000000 12.000000 88.000000
367.991418 11.000000 11.000000 89.000000
368.651986 10.000000 10.000000 90.000000
368.797544 9.000000 9.000000 91.000000
369.888850 8.000000 8.000000 92.000000
371.010438 9.000000 9.000000 91.000000
377.398308 10.000000 10.000000 90.000000
377.963132 9.000000 9.000000 91.000000
378.159464 8.000000 8.000000 92.000000
378.268426 9.000000 9.000000 91.000000
379.032689 10.000000 10.000000 90.000000
379.750099 11.000000 11.000000 89.000000
381.956451 10.000000 10.000000 90.000000
385.735410 9.000000 9.000000 91.000000
387.308657 10.000000 10.000000 90.000000
391.645152 11.000000 11.000000 89.000000
391.867732 10.000000 10.000000 90.000000
392.204248 9.000000 9.000000 91.000000
393.883332 8.000000 8.000000 92.000000
396.571766 9.000000 9.000000 91.000000
397.364658 10.000000 10.000000 90.000000
397.924211 11.000000 11.000000 89.000000
398.232500 12.000000 12.000000 88.000000
399.385952 13.000000 13.000000 87.000000
400.794122 12.000000 12.000000 88.000000
401.454690 11.000000 11.000000 89.000000
401.600248 10.000000 10.000000 90.000000
402.691554 9.000000 9.000000 91.000000
403.813142 10.000000 10.000000 90.000000
410.201012 11.000000 11.000000 89.000000
410.765836 10.000000 10.000000 90.000000
410.962168 9.000000 9.000000 91.000000
411.071130 10.000000 10.000000 90.000000
411.835393 11.000000 11.000000 89.000000
412.552803 12.000000 12.000000 88.000000
414.759155 11.000000 11.000000 89.000000
418.538114 10.000000 10.000000 90.000000
420.111361 11.000000 11.000000 89.000000
424.447856 12.000000 12.000000 88.000000
424.670436 11.000000 11.000000 89.000000
425.006952 10.000000 10.000000 90.000000
426.686036 9.000000 9.000000 91.000000
429.374470 10.000000 10.000000 90.000000
430.167362 11.000000 11.000000 89.000000
430.726915 12.000000 12.000000 88.000000
431.035204 13.000000 13.000000 87.000000
432.188656 12.000000 12.000000 88.000000
433.596826 11.000000 11.000000 89.000000
434.257394 10.000000 10.000000 90.000000
434.402952 9.000000 9.000000 91.000000
435.494258 8.000000 8.000000 92.000000
436.615846 9.000000 9.000000 91.000000
443.003716 10.000000 10.000000 90.000000
443.568540 9.000000 9.000000 91.000000
443.764872 8.000000 8.000000 92.000000
443.873834 9.000000 9.000000 91.000000
444.638097 10.000000 10.000000 90.000000
445.355507 11.000000 11.000000 89.000000
447.561859 10.000000 10.000000 90.000000
451.340818 9.000000 9.000000 91.000000
452.914065 10.000000 10.000000 90.000000
457.250560 11.000000 11.000000 89.000000
457.473140 10.000000 10.000000 90.000000
457.809656 9.000000 9.000000 91.000000
459.488740 8.000000 8.000000 92.000000
462.177174 9.000000 9.000000 91.000000
462.970066 10.000000 10.000000 90.000000
463.529619 11.000000 11.000000 89.000000
463.837908 12.000000 12.000000 88.000000
464.991360 13.000000 13.000000 87.000000
466.399530 12.000000 12.000000 88.000000
467.060098 11.000000 11.000000 89.000000
467.205656 10.000000 10.000000 90.000000
468.296962 9.000000 9.000000 91.000000
469.418550 10.000000 10.000000 90.000000
475.806420 11.000000 11.000000 89.000000
476.371244 10.000000 10.000000 90.000000
476.567576 9.000000 9.000000 91.000000
476.676538 10.000000 10.000000 90.000000
477.440801 11.000000 11.000000 89.000000
478.158211 12.000000 12.000000 88.000000
480.364563 11.000000 11.000000 89.000000
484.143522 10.000000 10.000000 90.000000
485.716769 11.000000 11.000000 89.000000
490.053264 12.000000 12.000000 88.000000
490.275844 11.000000 11.000000 89.000000
490.612360 10.000000 10.000000 90.000000
492.291444 9.000000 9.000000 91.000000
494.979878 10.000000 10.000000 90.000000
495.772770 11.000000 11.000000 89.000000
496.332323 12.000000 12.000000 88.000000
496.640612 13.000000 13.000000 87.000000
497.794064 12.000000 12.000000 88.000000
499.202234 11.000000 11.000000 89.000000
499.862802 10.000000 10.000000 90.000000
