5.4244
6.23051
6.75451
10.6694
10.71
9.63271
9.54135
12.5563
2.50161
3.8255
8.51913
8.55847
6.45101
4.36918
0.898546
6.23051
6.75451
10.6694
10.71
9.63271
9.54135
12.5563
2.50161
3.8255
8.51913
8.55847
6.45101
4.36918
0.898546
6.23051
6.75451
10.6694
10.71
9.63271
9.54135
12.5563
2.50161
3.8255
8.51913
8.55847
6.45101
4.36918
0.898546
6.23051
6.75451
10.6694
10.71
9.63271
9.54135
12.5563
2.50161
3.8255
8.51913
8.55847
6.45101
4.36918
0.898546
6.23051
6.75451
10.6694
10.71
9.63271
9.54135
12.5563
2.50161
3.8255
8.51913
8.55847
6.45101
4.36918
0.898546
6.23051
6.75451
10.6694
10.71
9.63271
9.54135
12.5563
2.50161
3.8255
8.51913
8.55847
6.45101
4.36918
0.898546
6.23051
6.75451
10.6694
10.71
9.63271
9.54135
12.5563
2.50161
3.8255
8.51913
8.55847
6.45101
