4.21486
2.73276
6.51525
3.44994
4.49966
4.82203
7.44398
6.50528
4.49966
4.28077
2.73276
6.51525
3.44994
4.49966
4.82203
7.44398
6.50528
4.49966
4.28077
2.73276
6.51525
3.44994
4.49966
4.82203
7.44398
6.50528
4.49966
4.28077
2.73276
6.51525
3.44994
4.49966
4.82203
7.44398
6.50528
4.49966
4.28077
2.73276
6.51525
3.44994
4.49966
4.82203
7.44398
6.50528
4.49966
4.28077
2.73276
6.51525
3.44994
4.49966
4.82203
7.44398
6.50528
4.49966
4.28077
2.73276
6.51525
3.44994
4.49966
4.82203
7.44398
6.50528
4.49966
