4.21486
2.73276
6.51525
3.44994
4.49966
4.82203
6.75381
6.51525
3.44994
4.49966
4.82203
6.75381
6.51525
3.44994
4.49966
4.82203
6.75381
6.51525
3.44994
4.49966
4.82203
6.75381
6.51525
3.44994
4.49966
4.82203
6.75381
6.51525
3.44994
4.49966
4.82203
6.75381
6.51525
3.44994
4.49966
4.82203
6.75381
6.51525
3.44994
4.49966
4.82203
6.75381
6.51525
3.44994
4.49966
4.82203
6.75381
6.51525
3.44994
4.49966
4.82203
6.75381
6.51525
3.44994
4.49966
4.82203
6.75381
6.51525
3.44994
4.49966
4.82203
6.75381
6.51525
3.44994
4.49966
4.82203
6.75381
6.51525
3.44994
4.49966
4.82203
6.75381
6.51525
3.44994
4.49966
4.82203
6.75381
6.51525
3.44994
4.49966
4.82203
6.75381
6.51525
3.44994
4.49966
4.82203
6.75381
6.51525
3.44994
4.49966
4.82203
6.75381
6.51525
3.44994
4.49966
4.82203
6.75381
6.51525
3.44994
4.49966
4.82203
6.75381
6.51525
3.44994
4.49966
4.82203
6.75381
6.51525
3.44994
4.49966
4.82203
6.75381
6.51525
3.44994
4.49966
4.82203
6.75381
6.51525
3.44994
4.49966
4.82203
6.75381
6.51525
3.44994
4.49966
4.82203
6.75381
6.51525
3.44994
4.49966
4.82203
6.75381
6.51525
3.44994
4.49966
4.82203
6.75381
6.51525
3.44994
4.49966
4.82203
6.75381
6.51525
3.44994
4.49966
4.82203
6.75381
6.51525
3.44994
4.49966
4.82203
6.75381
6.51525
3.44994
4.49966
4.82203
6.75381
6.51525
3.44994
4.49966
4.82203
6.75381
6.51525
3.44994
4.49966
4.82203
6.75381
6.51525
3.44994
4.49966
4.82203
6.75381
6.51525
3.44994
4.49966
4.82203
6.75381
6.51525
3.44994
4.49966
4.82203
6.75381
6.51525
3.44994
4.49966
4.82203
6.75381
6.51525
3.44994
4.49966
4.82203
6.75381
6.51525
3.44994
4.49966
4.82203
6.75381
6.51525
3.44994
4.49966
